21
19
16
10
12
13
12
12
15
16
13
13
12
13
14
11
10
7
8
9
10
9
10
11
8
10
12
9
11
14
12
7
8
7
14
9
10
10
9
10
9
8
11
12
12
13
9
10
11
12
12
11
14
15
12
10
8
9
8
10
12
9
9
13
6
8
9
10
7
8
8
9
6
9
10
5
8
6
9
8
8
9
9
10
8
9
8
9
10
9
10
9
6
7
8
10
11
12
12
10
10
11
10
11
11
9
10
8
9
11
10
8
9
9
11
10
9
8
9
11
12
8
9
8
10
11
14
9
8
9
10
5
6
7
8
5
12
14
12
9
12
13
14
12
11
15
17
12
10
10
12
11
11
10
11
11
12
8
9
9
10
11
12
14
11
13
8
9
10
14
16
11
13
15
9
11
13
15
17
8
9
6
7
8
8
9
8
9
8
9
9
12
10
11
8
9
7
9
8
9
10
9
10
8
9
10
11
8
13
15
12
10
12
9
10
11
9
8
11
12
11
12
10
10
13
14
13
14
15
13
13
14
8
10
9
12
10
12
12
11
9
9
11
13
15
9
9
10
9
10
9
10
8
9
9
15
10
8
12
10
10
11
11
12
11
10
9
10
11
8
13
17
14
16
17
15
17
18
15
15
16
