22
13
14
14
16
16
17
18
17
8
13
15
8
9
9
8
9
7
10
11
7
8
7
9
10
10
11
8
10
11
11
12
10
8
8
9
6
8
9
9
14
12
11
10
10
7
14
16
8
9
9
11
11
7
8
15
13
10
10
15
11
15
17
9
10
11
9
8
9
12
10
12
11
13
13
13
12
13
11
13
15
8
11
12
11
13
17
12
10
9
9
10
11
13
15
17
15
12
13
12
12
13
14
12
16
14
11
18
16
13
13
10
14
16
8
9
9
10
11
11
13
15
9
15
10
11
9
7
9
10
8
10
9
11
12
10
9
10
11
13
7
8
8
9
7
8
8
9
8
8
10
6
7
7
9
10
10
11
10
13
15
13
10
10
9
10
11
8
9
9
11
12
10
12
12
13
12
14
15
7
9
8
18
16
13
13
11
16
14
13
9
10
11
11
12
10
13
14
13
15
14
11
12
10
11
10
11
8
10
12
13
9
10
12
14
11
6
7
8
11
12
8
9
8
12
13
11
9
10
10
11
10
10
11
7
10
10
8
9
13
15
11
10
10
12
14
16
17
15
12
12
16
14
11
16
14
11
11
7
6
7
9
11
13
15
9
12
15
12
10
11
9
11
5
7
8
6
11
13
15
17
14
12
9
9
6
7
7
15
12
10
11
13
14
11
12
12
9
10
11
12
12
13
6
7
7
12
12
13
10
11
8
9
12
10
12
11
10
8
8
9
7
8
8
11
11
12
10
6
7
8
7
9
10
10
11
16
18
13
13
12
13
14
11
12
15
16
12
12
14
16
18
14
11
13
14
13
14
12
13
13
14
13
14
8
9
9
10
9
13
15
9
11
12
13
13
15
8
9
9
10
9
10
15
10
14
16
13
12
9
9
10
7
11
13
11
13
15
8
9
9
10
11
10
12
10
14
16
9
10
18
16
13
17
19
13
17
15
12
12
15
12
16
14
11
15
17
12
11
8
9
19
14
18
20
8
9
10
10
12
11
8
9
12
14
15
15
11
11
12
11
12
13
12
13
18
16
13
17
19
14
13
12
16
18
12
17
15
12
16
18
12
22
20
17
21
